Prim Algorithm
1 2 1
1 4 4
2 3 2
2 4 6
2 5 4
3 5 5
3 6 6
4 5 3
4 7 4
5 6 8
5 7 7
6 7 3
-1 -1 -1
MST=17
======================
1 2 28
1 6 10
2 3 16
2 7 14
3 4 12
4 5 22
4 7 18
5 6 25
5 7 24
-1 -1 -1
MST=99
======================
======================
Kruskal Algorithm : 
1 2 2
1 4 4
1 5 2
2 3 6
2 4 7
3 5 8
3 6 5
4 5 1
5 6 3
-1 -1 -1
==================
1 2 1
1 3 2
2 3 3
2 4 1
2 5 3
3 4 2
3 5 1
4 5 2
4 6 4
5 6 3
-1 -1 -1
MST = 8
===========================
===========================
BFS & DFS Example:
0 1
0 2
0 3
0 4
1 5
2 5
3 6
4 7
5 7
-1 -1
============================
============================
Dijkstra Example :
1 2 50
1 3 30
1 4 100
1 5 10
3 2 5
4 2 20
4 3 50
5 4 10
-1 -1 -1

	